4.7400	5.4500	4.2500	3.7500
4.4000	4.7400	5.4500	4.2500
4.4100	4.4000	4.7400	5.4500
4.1700	4.4100	4.4000	4.7400
4.4000	4.1700	4.4100	4.4000
4.5800	4.4000	4.1700	4.4100
4.4300	4.5800	4.4000	4.1700
5.2400	4.4300	4.5800	4.4000
7.0000	5.2400	4.4300	4.5800
7.5000	7.0000	5.2400	4.4300
9.1700	7.5000	7.0000	5.2400
11.7000	9.1700	7.5000	7.0000
8.6200	11.7000	9.1700	7.5000
8.4900	8.6200	11.7000	9.1700
8.0000	8.4900	8.6200	11.7000
8.6500	8.0000	8.4900	8.6200
8.9000	8.6500	8.0000	8.4900
8.9900	8.9000	8.6500	8.0000
8.9000	8.9900	8.9000	8.6500
8.9900	8.9000	8.9900	8.9000
11.8000	8.9900	8.9000	8.9900
11.5000	11.8000	8.9900	8.9000
10.4000	11.5000	11.8000	8.9900
10.4900	10.4000	11.5000	11.8000
9.5500	10.4900	10.4000	11.5000
9.7000	9.5500	10.4900	10.4000
9.3200	9.7000	9.5500	10.4900
9.3500	9.3200	9.7000	9.5500
9.0500	9.3500	9.3200	9.7000
9.2000	9.0500	9.3500	9.3200
10.0500	9.2000	9.0500	9.3500
9.0200	10.0500	9.2000	9.0500
8.8100	9.0200	10.0500	9.2000
8.1700	8.8100	9.0200	10.0500
8.8400	8.1700	8.8100	9.0200
8.3400	8.8400	8.1700	8.8100
8.1200	8.3400	8.8400	8.1700
7.7700	8.1200	8.3400	8.8400
7.2900	7.7700	8.1200	8.3400
7.3500	7.2900	7.7700	8.1200
7.5100	7.3500	7.2900	7.7700
7.3300	7.5100	7.3500	7.2900
8.0000	7.3300	7.5100	7.3500
8.7000	8.0000	7.3300	7.5100
8.2100	8.7000	8.0000	7.3300
8.4500	8.2100	8.7000	8.0000
8.0200	8.4500	8.2100	8.7000
8.0100	8.0200	8.4500	8.2100
7.9000	8.0100	8.0200	8.4500
8.0000	7.9000	8.0100	8.0200
7.9900	8.0000	7.9000	8.0100
9.0500	7.9900	8.0000	7.9000
8.7200	9.0500	7.9900	8.0000
8.4000	8.7200	9.0500	7.9900
9.1000	8.4000	8.7200	9.0500
8.7500	9.1000	8.4000	8.7200
9.5000	8.7500	9.1000	8.4000
9.6000	9.5000	8.7500	9.1000
11.2000	9.6000	9.5000	8.7500
10.7900	11.2000	9.6000	9.5000
10.7000	10.7900	11.2000	9.6000
10.2100	10.7000	10.7900	11.2000
10.2300	10.2100	10.7000	10.7900
11.0000	10.2300	10.2100	10.7000
11.1100	11.0000	10.2300	10.2100
11.2700	11.1100	11.0000	10.2300
11.1900	11.2700	11.1100	11.0000
10.6000	11.1900	11.2700	11.1100
10.9500	10.6000	11.1900	11.2700
11.2100	10.9500	10.6000	11.1900
11.1000	11.2100	10.9500	10.6000
11.0000	11.1000	11.2100	10.9500
10.8500	11.0000	11.1000	11.2100
10.2800	10.8500	11.0000	11.1000
10.2500	10.2800	10.8500	11.0000
9.5000	10.2500	10.2800	10.8500
9.3000	9.5000	10.2500	10.2800
9.8000	9.3000	9.5000	10.2500
9.7000	9.8000	9.3000	9.5000
9.6500	9.7000	9.8000	9.3000
10.5000	9.6500	9.7000	9.8000
10.7800	10.5000	9.6500	9.7000
10.0500	10.7800	10.5000	9.6500
10.6300	10.0500	10.7800	10.5000
10.5900	10.6300	10.0500	10.7800
11.5600	10.5900	10.6300	10.0500
11.4300	11.5600	10.5900	10.6300
11.4300	11.4300	11.5600	10.5900
11.2000	11.4300	11.4300	11.5600
11.3300	11.2000	11.4300	11.4300
11.3000	11.3300	11.2000	11.4300
11.5100	11.3000	11.3300	11.2000
11.5800	11.5100	11.3000	11.3300
17.0100	11.5800	11.5100	11.3000
17.0000	17.0100	11.5800	11.5100
17.6000	17.0000	17.0100	11.5800
20.9900	17.6000	17.0000	17.0100
23.6900	20.9900	17.6000	17.0000
23.7000	23.6900	20.9900	17.6000
24.4000	23.7000	23.6900	20.9900
24.0000	24.4000	23.7000	23.6900
25.8900	24.0000	24.4000	23.7000
25.2600	25.8900	24.0000	24.4000
22.0000	25.2600	25.8900	24.0000
24.0000	22.0000	25.2600	25.8900
24.9000	24.0000	22.0000	25.2600
23.9900	24.9000	24.0000	22.0000
25.5000	23.9900	24.9000	24.0000
24.7300	25.5000	23.9900	24.9000
24.4900	24.7300	25.5000	23.9900
24.5000	24.4900	24.7300	25.5000
22.8000	24.5000	24.4900	24.7300
21.9900	22.8000	24.5000	24.4900
20.5500	21.9900	22.8000	24.5000
21.9700	20.5500	21.9900	22.8000
22.8500	21.9700	20.5500	21.9900
22.2000	22.8500	21.9700	20.5500
21.0000	22.2000	22.8500	21.9700
19.9400	21.0000	22.2000	22.8500
18.6500	19.9400	21.0000	22.2000
17.0000	18.6500	19.9400	21.0000
18.3800	17.0000	18.6500	19.9400
18.7500	18.3800	17.0000	18.6500
18.2200	18.7500	18.3800	17.0000
17.0500	18.2200	18.7500	18.3800
17.4000	17.0500	18.2200	18.7500
16.5200	17.4000	17.0500	18.2200
16.4400	16.5200	17.4000	17.0500
16.6600	16.4400	16.5200	17.4000
16.1800	16.6600	16.4400	16.5200
16.3000	16.1800	16.6600	16.4400
16.9500	16.3000	16.1800	16.6600
17.2000	16.9500	16.3000	16.1800
17.9000	17.2000	16.9500	16.3000
16.7900	17.9000	17.2000	16.9500
16.2000	16.7900	17.9000	17.2000
16.5500	16.2000	16.7900	17.9000
16.1700	16.5500	16.2000	16.7900
16.0000	16.1700	16.5500	16.2000
16.0500	16.0000	16.1700	16.5500
16.0100	16.0500	16.0000	16.1700
15.5100	16.0100	16.0500	16.0000
15.7900	15.5100	16.0100	16.0500
15.0000	15.7900	15.5100	16.0100
14.0500	15.0000	15.7900	15.5100
13.8400	14.0500	15.0000	15.7900
13.5500	13.8400	14.0500	15.0000
12.5000	13.5500	13.8400	14.0500
16.0000	12.5000	13.5500	13.8400
18.4000	16.0000	12.5000	13.5500
18.0000	18.4000	16.0000	12.5000
19.1900	18.0000	18.4000	16.0000
17.3000	19.1900	18.0000	18.4000
17.6600	17.3000	19.1900	18.0000
17.2500	17.6600	17.3000	19.1900
17.8500	17.2500	17.6600	17.3000
16.1500	17.8500	17.2500	17.6600
16.4000	16.1500	17.8500	17.2500
14.5000	16.4000	16.1500	17.8500
14.1500	14.5000	16.4000	16.1500
14.5600	14.1500	14.5000	16.4000
15.0000	14.5600	14.1500	14.5000
13.0000	15.0000	14.5600	14.1500
12.8900	13.0000	15.0000	14.5600
13.4000	12.8900	13.0000	15.0000
15.0000	13.4000	12.8900	13.0000
14.7000	15.0000	13.4000	12.8900
13.8000	14.7000	15.0000	13.4000
14.0000	13.8000	14.7000	15.0000
14.1500	14.0000	13.8000	14.7000
13.4600	14.1500	14.0000	13.8000
13.2000	13.4600	14.1500	14.0000
13.0000	13.2000	13.4600	14.1500
13.0000	13.0000	13.2000	13.4600
13.1900	13.0000	13.0000	13.2000
13.0000	13.1900	13.0000	13.0000
13.4500	13.0000	13.1900	13.0000
12.8000	13.4500	13.0000	13.1900
12.8900	12.8000	13.4500	13.0000
13.0000	12.8900	12.8000	13.4500
13.9900	13.0000	12.8900	12.8000
13.9000	13.9900	13.0000	12.8900
14.0000	13.9000	13.9900	13.0000
14.2500	14.0000	13.9000	13.9900
14.5500	14.2500	14.0000	13.9000
13.0100	14.5500	14.2500	14.0000
13.5000	13.0100	14.5500	14.2500
13.0000	13.5000	13.0100	14.5500
13.0500	13.0000	13.5000	13.0100
11.9000	13.0500	13.0000	13.5000
8.3000	11.9000	13.0500	13.0000
9.2000	8.3000	11.9000	13.0500
8.3000	9.2000	8.3000	11.9000
12.8000	8.3000	9.2000	8.3000
11.5000	12.8000	8.3000	9.2000
13.1000	11.5000	12.8000	8.3000
13.7700	13.1000	11.5000	12.8000
10.9200	13.7700	13.1000	11.5000
10.6500	10.9200	13.7700	13.1000
10.2800	10.6500	10.9200	13.7700
11.0000	10.2800	10.6500	10.9200
10.5500	11.0000	10.2800	10.6500
10.7500	10.5500	11.0000	10.2800
10.7800	10.7500	10.5500	11.0000
10.6900	10.7800	10.7500	10.5500
10.8000	10.6900	10.7800	10.7500
10.7000	10.8000	10.6900	10.7800
10.6000	10.7000	10.8000	10.6900
10.3200	10.6000	10.7000	10.8000
10.3400	10.3200	10.6000	10.7000
9.7800	10.3400	10.3200	10.6000
9.4800	9.7800	10.3400	10.3200
8.8000	9.4800	9.7800	10.3400
9.2300	8.8000	9.4800	9.7800
9.4000	9.2300	8.8000	9.4800
8.6100	9.4000	9.2300	8.8000
8.1500	8.6100	9.4000	9.2300
8.2500	8.1500	8.6100	9.4000
8.1100	8.2500	8.1500	8.6100
7.9800	8.1100	8.2500	8.1500
8.5100	7.9800	8.1100	8.2500
8.0000	8.5100	7.9800	8.1100
8.1200	8.0000	8.5100	7.9800
7.5000	8.1200	8.0000	8.5100
6.7500	7.5000	8.1200	8.0000
7.1400	6.7500	7.5000	8.1200
7.4500	7.1400	6.7500	7.5000
7.9000	7.4500	7.1400	6.7500
7.4500	7.9000	7.4500	7.1400
7.2000	7.4500	7.9000	7.4500
7.0000	7.2000	7.4500	7.9000
7.3600	7.0000	7.2000	7.4500
6.9700	7.3600	7.0000	7.2000
6.9800	6.9700	7.3600	7.0000
6.9500	6.9800	6.9700	7.3600
7.4800	6.9500	6.9800	6.9700
8.4000	7.4800	6.9500	6.9800
8.6300	8.4000	7.4800	6.9500
9.0000	8.6300	8.4000	7.4800
8.5000	9.0000	8.6300	8.4000
8.5500	8.5000	9.0000	8.6300
8.1000	8.5500	8.5000	9.0000
7.9500	8.1000	8.5500	8.5000
7.9000	7.9500	8.1000	8.5500
7.9000	7.9000	7.9500	8.1000
8.5000	7.9000	7.9000	7.9500
8.5000	8.5000	7.9000	7.9000
8.2500	8.5000	8.5000	7.9000
8.2800	8.2500	8.5000	8.5000
8.2300	8.2800	8.2500	8.5000
8.3200	8.2300	8.2800	8.2500
8.5000	8.3200	8.2300	8.2800
9.1500	8.5000	8.3200	8.2300
9.0000	9.1500	8.5000	8.3200
8.8000	9.0000	9.1500	8.5000
9.0000	8.8000	9.0000	9.1500
9.0000	9.0000	8.8000	9.0000
8.1100	9.0000	9.0000	8.8000
8.4500	8.1100	9.0000	9.0000
9.0900	8.4500	8.1100	9.0000
14.0000	9.0900	8.4500	8.1100
14.9900	14.0000	9.0900	8.4500
12.5500	14.9900	14.0000	9.0900
11.7000	12.5500	14.9900	14.0000
12.9100	11.7000	12.5500	14.9900
11.0000	12.9100	11.7000	12.5500
10.4000	11.0000	12.9100	11.7000
10.8000	10.4000	11.0000	12.9100
10.6900	10.8000	10.4000	11.0000
10.6000	10.6900	10.8000	10.4000
10.4000	10.6000	10.6900	10.8000
12.2000	10.4000	10.6000	10.6900
10.9900	12.2000	10.4000	10.6000
10.9000	10.9900	12.2000	10.4000
10.6500	10.9000	10.9900	12.2000
10.5000	10.6500	10.9000	10.9900
10.4500	10.5000	10.6500	10.9000
10.1200	10.4500	10.5000	10.6500
10.5000	10.1200	10.4500	10.5000
10.4400	10.5000	10.1200	10.4500
10.9900	10.4400	10.5000	10.1200
10.6600	10.9900	10.4400	10.5000
10.7300	10.6600	10.9900	10.4400
10.2600	10.7300	10.6600	10.9900
10.1400	10.2600	10.7300	10.6600
9.9500	10.1400	10.2600	10.7300
9.4400	9.9500	10.1400	10.2600
10.0000	9.4400	9.9500	10.1400
10.0100	10.0000	9.4400	9.9500
10.1000	10.0100	10.0000	9.4400
9.6600	10.1000	10.0100	10.0000
10.0000	9.6600	10.1000	10.0100
9.7100	10.0000	9.6600	10.1000
9.7500	9.7100	10.0000	9.6600
9.7000	9.7500	9.7100	10.0000
9.9000	9.7000	9.7500	9.7100
10.0000	9.9000	9.7000	9.7500
9.8200	10.0000	9.9000	9.7000
10.0000	9.8200	10.0000	9.9000
10.2500	10.0000	9.8200	10.0000
10.3800	10.2500	10.0000	9.8200
10.3500	10.3800	10.2500	10.0000
11.0000	10.3500	10.3800	10.2500
10.8000	11.0000	10.3500	10.3800
11.1000	10.8000	11.0000	10.3500
11.6500	11.1000	10.8000	11.0000
11.3100	11.6500	11.1000	10.8000
11.2700	11.3100	11.6500	11.1000
11.2500	11.2700	11.3100	11.6500
12.5000	11.2500	11.2700	11.3100
12.2800	12.5000	11.2500	11.2700
12.0100	12.2800	12.5000	11.2500
12.0000	12.0100	12.2800	12.5000
12.7000	12.0000	12.0100	12.2800
13.3200	12.7000	12.0000	12.0100
12.6000	13.3200	12.7000	12.0000
12.6800	12.6000	13.3200	12.7000
12.9900	12.6800	12.6000	13.3200
12.9500	12.9900	12.6800	12.6000
13.5400	12.9500	12.9900	12.6800
14.2000	13.5400	12.9500	12.9900
13.9000	14.2000	13.5400	12.9500
13.7500	13.9000	14.2000	13.5400
12.7700	13.7500	13.9000	14.2000
12.2000	12.7700	13.7500	13.9000
11.8000	12.2000	12.7700	13.7500
11.8300	11.8000	12.2000	12.7700
11.0800	11.8300	11.8000	12.2000
11.3000	11.0800	11.8300	11.8000
11.1000	11.3000	11.0800	11.8300
11.0000	11.1000	11.3000	11.0800
11.0000	11.0000	11.1000	11.3000
11.1000	11.0000	11.0000	11.1000
11.8900	11.1000	11.0000	11.0000
11.0100	11.8900	11.1000	11.0000
11.2000	11.0100	11.8900	11.1000
11.5700	11.2000	11.0100	11.8900
10.9200	11.5700	11.2000	11.0100
10.2300	10.9200	11.5700	11.2000
10.5000	10.2300	10.9200	11.5700
10.6500	10.5000	10.2300	10.9200
10.9000	10.6500	10.5000	10.2300
10.5000	10.9000	10.6500	10.5000
10.2800	10.5000	10.9000	10.6500
10.3100	10.2800	10.5000	10.9000
10.5500	10.3100	10.2800	10.5000
10.3900	10.5500	10.3100	10.2800
10.3000	10.3900	10.5500	10.3100
10.3900	10.3000	10.3900	10.5500
10.2000	10.3900	10.3000	10.3900
10.0000	10.2000	10.3900	10.3000
10.0800	10.0000	10.2000	10.3900
9.8000	10.0800	10.0000	10.2000
9.2500	9.8000	10.0800	10.0000
9.7000	9.2500	9.8000	10.0800
9.5000	9.7000	9.2500	9.8000
10.4900	9.5000	9.7000	9.2500
10.5000	10.4900	9.5000	9.7000
10.1200	10.5000	10.4900	9.5000
9.9900	10.1200	10.5000	10.4900
9.5700	9.9900	10.1200	10.5000
9.8000	9.5700	9.9900	10.1200
9.8000	9.8000	9.5700	9.9900
9.8200	9.8000	9.8000	9.5700
9.8000	9.8200	9.8000	9.8000
10.3000	9.8000	9.8200	9.8000
10.3000	10.3000	9.8000	9.8200
10.1600	10.3000	10.3000	9.8000
11.4500	10.1600	10.3000	10.3000
11.4500	11.4500	10.1600	10.3000
10.6000	11.4500	11.4500	10.1600
10.8600	10.6000	11.4500	11.4500
11.2800	10.8600	10.6000	11.4500
11.3000	11.2800	10.8600	10.6000
11.1800	11.3000	11.2800	10.8600
11.3000	11.1800	11.3000	11.2800
11.1000	11.3000	11.1800	11.3000
11.1000	11.1000	11.3000	11.1800
10.8000	11.1000	11.1000	11.3000
10.5500	10.8000	11.1000	11.1000
10.3900	10.5500	10.8000	11.1000
10.8500	10.3900	10.5500	10.8000
10.4100	10.8500	10.3900	10.5500
10.6100	10.4100	10.8500	10.3900
10.0000	10.6100	10.4100	10.8500
9.9500	10.0000	10.6100	10.4100
9.6500	9.9500	10.0000	10.6100
9.9900	9.6500	9.9500	10.0000
10.1000	9.9900	9.6500	9.9500
9.8000	10.1000	9.9900	9.6500
9.7500	9.8000	10.1000	9.9900
10.1000	9.7500	9.8000	10.1000
9.6000	10.1000	9.7500	9.8000
9.7500	9.6000	10.1000	9.7500
9.5500	9.7500	9.6000	10.1000
9.9000	9.5500	9.7500	9.6000
10.0000	9.9000	9.5500	9.7500
10.0000	10.0000	9.9000	9.5500
10.0000	10.0000	10.0000	9.9000
9.5500	10.0000	10.0000	10.0000
9.7400	9.5500	10.0000	10.0000
9.7500	9.7400	9.5500	10.0000
9.7000	9.7500	9.7400	9.5500
9.2500	9.7000	9.7500	9.7400
9.1800	9.2500	9.7000	9.7500
9.0000	9.1800	9.2500	9.7000
9.1000	9.0000	9.1800	9.2500
9.0000	9.1000	9.0000	9.1800
9.1500	9.0000	9.1000	9.0000
9.1500	9.1500	9.0000	9.1000
8.9500	9.1500	9.1500	9.0000
8.9500	8.9500	9.1500	9.1500
9.0000	8.9500	8.9500	9.1500
9.1700	9.0000	8.9500	8.9500
9.4500	9.1700	9.0000	8.9500
9.1200	9.4500	9.1700	9.0000
9.3300	9.1200	9.4500	9.1700
9.2100	9.3300	9.1200	9.4500
9.0500	9.2100	9.3300	9.1200
9.9800	9.0500	9.2100	9.3300
9.3500	9.9800	9.0500	9.2100
9.7500	9.3500	9.9800	9.0500
9.5000	9.7500	9.3500	9.9800
9.2200	9.5000	9.7500	9.3500
9.1500	9.2200	9.5000	9.7500
9.1400	9.1500	9.2200	9.5000
9.2000	9.1400	9.1500	9.2200
9.1000	9.2000	9.1400	9.1500
9.0200	9.1000	9.2000	9.1400
9.0000	9.0200	9.1000	9.2000
8.9000	9.0000	9.0200	9.1000
8.7000	8.9000	9.0000	9.0200
8.6900	8.7000	8.9000	9.0000
8.2100	8.6900	8.7000	8.9000
8.4500	8.2100	8.6900	8.7000
8.3500	8.4500	8.2100	8.6900
8.7100	8.3500	8.4500	8.2100
9.0000	8.7100	8.3500	8.4500
8.9000	9.0000	8.7100	8.3500
9.0000	8.9000	9.0000	8.7100
9.0100	9.0000	8.9000	9.0000
8.9300	9.0100	9.0000	8.9000
8.9600	8.9300	9.0100	9.0000
9.3200	8.9600	8.9300	9.0100
9.9000	9.3200	8.9600	8.9300
9.9100	9.9000	9.3200	8.9600
9.4600	9.9100	9.9000	9.3200
9.4000	9.4600	9.9100	9.9000
9.4100	9.4000	9.4600	9.9100
9.4500	9.4100	9.4000	9.4600
8.4500	9.4500	9.4100	9.4000
9.0800	8.4500	9.4500	9.4100
9.0700	9.0800	8.4500	9.4500
9.4400	9.0700	9.0800	8.4500
9.5000	9.4400	9.0700	9.0800
9.6000	9.5000	9.4400	9.0700
9.5000	9.6000	9.5000	9.4400
9.4900	9.5000	9.6000	9.5000
9.3500	9.4900	9.5000	9.6000
9.0100	9.3500	9.4900	9.5000
8.9000	9.0100	9.3500	9.4900
8.8000	8.9000	9.0100	9.3500
9.1000	8.8000	8.9000	9.0100
9.2000	9.1000	8.8000	8.9000
8.9900	9.2000	9.1000	8.8000
9.0900	8.9900	9.2000	9.1000
9.0900	9.0900	8.9900	9.2000
9.0200	9.0900	9.0900	8.9900
9.0000	9.0200	9.0900	9.0900
8.8900	9.0000	9.0200	9.0900
8.5500	8.8900	9.0000	9.0200
8.5000	8.5500	8.8900	9.0000
8.4000	8.5000	8.5500	8.8900
8.4500	8.4000	8.5000	8.5500
8.4000	8.4500	8.4000	8.5000
8.5000	8.4000	8.4500	8.4000
8.4000	8.5000	8.4000	8.4500
8.6500	8.4000	8.5000	8.4000
8.7500	8.6500	8.4000	8.5000
8.5500	8.7500	8.6500	8.4000
8.8000	8.5500	8.7500	8.6500
8.9000	8.8000	8.5500	8.7500
8.9700	8.9000	8.8000	8.5500
8.7500	8.9700	8.9000	8.8000
8.5000	8.7500	8.9700	8.9000
8.6000	8.5000	8.7500	8.9700
8.7000	8.6000	8.5000	8.7500
9.6500	8.7000	8.6000	8.5000
9.2000	9.6500	8.7000	8.6000
9.1000	9.2000	9.6500	8.7000
9.0000	9.1000	9.2000	9.6500
9.8000	9.0000	9.1000	9.2000
9.1000	9.8000	9.0000	9.1000
9.3400	9.1000	9.8000	9.0000
9.0500	9.3400	9.1000	9.8000
8.9600	9.0500	9.3400	9.1000
9.1000	8.9600	9.0500	9.3400
9.3000	9.1000	8.9600	9.0500
9.2000	9.3000	9.1000	8.9600
9.1500	9.2000	9.3000	9.1000
9.2500	9.1500	9.2000	9.3000
9.3000	9.2500	9.1500	9.2000
9.3000	9.3000	9.2500	9.1500
9.4000	9.3000	9.3000	9.2500
9.3500	9.4000	9.3000	9.3000
9.1700	9.3500	9.4000	9.3000
8.9600	9.1700	9.3500	9.4000
9.1000	8.9600	9.1700	9.3500
9.0100	9.1000	8.9600	9.1700
9.2000	9.0100	9.1000	8.9600
9.0000	9.2000	9.0100	9.1000
9.0500	9.0000	9.2000	9.0100
8.9800	9.0500	9.0000	9.2000
9.0500	8.9800	9.0500	9.0000
8.7000	9.0500	8.9800	9.0500
8.3800	8.7000	9.0500	8.9800
8.3500	8.3800	8.7000	9.0500
8.5900	8.3500	8.3800	8.7000
8.2600	8.5900	8.3500	8.3800
8.2800	8.2600	8.5900	8.3500
8.3000	8.2800	8.2600	8.5900
8.5400	8.3000	8.2800	8.2600
8.9300	8.5400	8.3000	8.2800
8.9000	8.9300	8.5400	8.3000
8.9800	8.9000	8.9300	8.5400
8.9500	8.9800	8.9000	8.9300
9.0400	8.9500	8.9800	8.9000
9.2500	9.0400	8.9500	8.9800
9.7000	9.2500	9.0400	8.9500
9.4900	9.7000	9.2500	9.0400
9.4700	9.4900	9.7000	9.2500
9.3000	9.4700	9.4900	9.7000
9.3000	9.3000	9.4700	9.4900
9.5000	9.3000	9.3000	9.4700
9.1700	9.5000	9.3000	9.3000
9.3000	9.1700	9.5000	9.3000
9.0400	9.3000	9.1700	9.5000
9.0000	9.0400	9.3000	9.1700
8.8400	9.0000	9.0400	9.3000
8.4300	8.8400	9.0000	9.0400
8.7500	8.4300	8.8400	9.0000
8.5000	8.7500	8.4300	8.8400
8.5100	8.5000	8.7500	8.4300
8.5000	8.5100	8.5000	8.7500
8.6500	8.5000	8.5100	8.5000
8.5700	8.6500	8.5000	8.5100
8.7500	8.5700	8.6500	8.5000
8.5700	8.7500	8.5700	8.6500
8.7000	8.5700	8.7500	8.5700
8.6500	8.7000	8.5700	8.7500
9.0000	8.6500	8.7000	8.5700
8.6500	9.0000	8.6500	8.7000
8.6500	8.6500	9.0000	8.6500
8.6200	8.6500	8.6500	9.0000
8.7000	8.6200	8.6500	8.6500
8.4900	8.7000	8.6200	8.6500
8.3400	8.4900	8.7000	8.6200
8.3300	8.3400	8.4900	8.7000
8.5000	8.3300	8.3400	8.4900
8.5000	8.5000	8.3300	8.3400
8.2000	8.5000	8.5000	8.3300
7.5900	8.2000	8.5000	8.5000
7.6900	7.5900	8.2000	8.5000
7.8500	7.6900	7.5900	8.2000
8.1500	7.8500	7.6900	7.5900
8.0000	8.1500	7.8500	7.6900
8.1500	8.0000	8.1500	7.8500
8.0500	8.1500	8.0000	8.1500
8.2000	8.0500	8.1500	8.0000
8.1200	8.2000	8.0500	8.1500
8.5000	8.1200	8.2000	8.0500
8.6100	8.5000	8.1200	8.2000
8.7200	8.6100	8.5000	8.1200
8.4000	8.7200	8.6100	8.5000
8.5000	8.4000	8.7200	8.6100
8.5000	8.5000	8.4000	8.7200
8.7600	8.5000	8.5000	8.4000
8.9000	8.7600	8.5000	8.5000
9.8200	8.9000	8.7600	8.5000
10.5000	9.8200	8.9000	8.7600
10.6500	10.5000	9.8200	8.9000
9.9000	10.6500	10.5000	9.8200
9.3100	9.9000	10.6500	10.5000
9.3800	9.3100	9.9000	10.6500
9.5000	9.3800	9.3100	9.9000
9.5600	9.5000	9.3800	9.3100
9.9000	9.5600	9.5000	9.3800
10.4900	9.9000	9.5600	9.5000
9.5700	10.4900	9.9000	9.5600
10.0200	9.5700	10.4900	9.9000
10.4900	10.0200	9.5700	10.4900
10.9000	10.4900	10.0200	9.5700
10.5600	10.9000	10.4900	10.0200
10.7100	10.5600	10.9000	10.4900
10.3000	10.7100	10.5600	10.9000
10.6000	10.3000	10.7100	10.5600
10.6600	10.6000	10.3000	10.7100
10.9000	10.6600	10.6000	10.3000
10.8500	10.9000	10.6600	10.6000
10.7200	10.8500	10.9000	10.6600
11.4900	10.7200	10.8500	10.9000
11.2900	11.4900	10.7200	10.8500
11.4500	11.2900	11.4900	10.7200
11.1500	11.4500	11.2900	11.4900
10.7000	11.1500	11.4500	11.2900
10.8500	10.7000	11.1500	11.4500
11.2900	10.8500	10.7000	11.1500
11.2000	11.2900	10.8500	10.7000
10.9900	11.2000	11.2900	10.8500
11.0000	10.9900	11.2000	11.2900
11.0000	11.0000	10.9900	11.2000
10.6500	11.0000	11.0000	10.9900
10.2000	10.6500	11.0000	11.0000
10.2500	10.2000	10.6500	11.0000
10.2500	10.2500	10.2000	10.6500
10.0000	10.2500	10.2500	10.2000
9.7600	10.0000	10.2500	10.2500
10.3000	9.7600	10.0000	10.2500
10.4000	10.3000	9.7600	10.0000
11.2800	10.4000	10.3000	9.7600
11.0000	11.2800	10.4000	10.3000
10.5100	11.0000	11.2800	10.4000
11.0000	10.5100	11.0000	11.2800
11.0000	11.0000	10.5100	11.0000
11.0000	11.0000	11.0000	10.5100
11.0000	11.0000	11.0000	11.0000
11.0500	11.0000	11.0000	11.0000
10.6000	11.0500	11.0000	11.0000
10.2500	10.6000	11.0500	11.0000
10.4000	10.2500	10.6000	11.0500
10.0000	10.4000	10.2500	10.6000
9.9000	10.0000	10.4000	10.2500
9.7500	9.9000	10.0000	10.4000
9.9900	9.7500	9.9000	10.0000
9.6000	9.9900	9.7500	9.9000
9.3000	9.6000	9.9900	9.7500
9.6300	9.3000	9.6000	9.9900
9.6500	9.6300	9.3000	9.6000
9.8000	9.6500	9.6300	9.3000
10.0000	9.8000	9.6500	9.6300
10.1900	10.0000	9.8000	9.6500
10.1000	10.1900	10.0000	9.8000
10.0000	10.1000	10.1900	10.0000
9.7600	10.0000	10.1000	10.1900
9.9300	9.7600	10.0000	10.1000
9.8000	9.9300	9.7600	10.0000
9.5000	9.8000	9.9300	9.7600
9.3000	9.5000	9.8000	9.9300
9.6000	9.3000	9.5000	9.8000
9.8000	9.6000	9.3000	9.5000
9.3100	9.8000	9.6000	9.3000
9.9000	9.3100	9.8000	9.6000
9.6500	9.9000	9.3100	9.8000
9.7000	9.6500	9.9000	9.3100
9.6500	9.7000	9.6500	9.9000
9.4800	9.6500	9.7000	9.6500
9.3000	9.4800	9.6500	9.7000
9.4000	9.3000	9.4800	9.6500
9.0300	9.4000	9.3000	9.4800
9.0100	9.0300	9.4000	9.3000
9.0100	9.0100	9.0300	9.4000
8.9900	9.0100	9.0100	9.0300
9.0000	8.9900	9.0100	9.0100
9.0000	9.0000	8.9900	9.0100
8.9400	9.0000	9.0000	8.9900
9.0000	8.9400	9.0000	9.0000
9.6000	9.0000	8.9400	9.0000
9.1000	9.6000	9.0000	8.9400
9.0000	9.1000	9.6000	9.0000
9.7500	9.0000	9.1000	9.6000
9.6000	9.7500	9.0000	9.1000
9.5000	9.6000	9.7500	9.0000
8.9700	9.5000	9.6000	9.7500
8.9700	8.9700	9.5000	9.6000
9.0000	8.9700	8.9700	9.5000
8.7000	9.0000	8.9700	8.9700
8.8500	8.7000	9.0000	8.9700
8.9000	8.8500	8.7000	9.0000
9.1000	8.9000	8.8500	8.7000
8.9100	9.1000	8.9000	8.8500
9.1700	8.9100	9.1000	8.9000
9.5000	9.1700	8.9100	9.1000
10.0600	9.5000	9.1700	8.9100
10.6000	10.0600	9.5000	9.1700
10.6800	10.6000	10.0600	9.5000
10.6500	10.6800	10.6000	10.0600
10.3000	10.6500	10.6800	10.6000
9.7000	10.3000	10.6500	10.6800
9.8000	9.7000	10.3000	10.6500
9.7000	9.8000	9.7000	10.3000
9.9000	9.7000	9.8000	9.7000
9.4000	9.9000	9.7000	9.8000
8.7000	9.4000	9.9000	9.7000
8.8900	8.7000	9.4000	9.9000
8.9000	8.8900	8.7000	9.4000
9.4500	8.9000	8.8900	8.7000
9.1500	9.4500	8.9000	8.8900
9.0000	9.1500	9.4500	8.9000
9.0000	9.0000	9.1500	9.4500
8.9800	9.0000	9.0000	9.1500
9.0000	8.9800	9.0000	9.0000
8.8000	9.0000	8.9800	9.0000
8.4000	8.8000	9.0000	8.9800
8.7000	8.4000	8.8000	9.0000
8.6900	8.7000	8.4000	8.8000
8.8500	8.6900	8.7000	8.4000
9.0800	8.8500	8.6900	8.7000
8.5500	9.0800	8.8500	8.6900
8.6000	8.5500	9.0800	8.8500
8.8000	8.6000	8.5500	9.0800
9.0800	8.8000	8.6000	8.5500
8.9100	9.0800	8.8000	8.6000
8.5500	8.9100	9.0800	8.8000
8.5000	8.5500	8.9100	9.0800
8.7500	8.5000	8.5500	8.9100
8.8000	8.7500	8.5000	8.5500
8.8000	8.8000	8.7500	8.5000
8.7000	8.8000	8.8000	8.7500
8.7000	8.7000	8.8000	8.8000
8.5500	8.7000	8.7000	8.8000
8.6400	8.5500	8.7000	8.7000
8.5000	8.6400	8.5500	8.7000
8.5000	8.5000	8.6400	8.5500
8.7000	8.5000	8.5000	8.6400
8.5500	8.7000	8.5000	8.5000
8.8700	8.5500	8.7000	8.5000
8.8700	8.8700	8.5500	8.7000
8.9400	8.8700	8.8700	8.5500
8.9400	8.9400	8.8700	8.8700
8.8000	8.9400	8.9400	8.8700
8.5500	8.8000	8.9400	8.9400
8.5000	8.5500	8.8000	8.9400
8.6500	8.5000	8.5500	8.8000
8.8000	8.6500	8.5000	8.5500
8.5800	8.8000	8.6500	8.5000
8.4000	8.5800	8.8000	8.6500
8.3000	8.4000	8.5800	8.8000
8.4400	8.3000	8.4000	8.5800
8.4300	8.4400	8.3000	8.4000
8.3000	8.4300	8.4400	8.3000
8.4400	8.3000	8.4300	8.4400
8.3700	8.4400	8.3000	8.4300
8.3100	8.3700	8.4400	8.3000
8.7000	8.3100	8.3700	8.4400
8.4600	8.7000	8.3100	8.3700
8.5000	8.4600	8.7000	8.3100
8.9000	8.5000	8.4600	8.7000
9.4400	8.9000	8.5000	8.4600
9.9000	9.4400	8.9000	8.5000
9.5900	9.9000	9.4400	8.9000
10.0500	9.5900	9.9000	9.4400
9.6600	10.0500	9.5900	9.9000
9.6800	9.6600	10.0500	9.5900
10.3000	9.6800	9.6600	10.0500
10.5500	10.3000	9.6800	9.6600
10.0000	10.5500	10.3000	9.6800
9.5000	10.0000	10.5500	10.3000
9.5000	9.5000	10.0000	10.5500
9.0000	9.5000	9.5000	10.0000
9.9200	9.0000	9.5000	9.5000
9.5500	9.9200	9.0000	9.5000
9.8000	9.5500	9.9200	9.0000
9.6000	9.8000	9.5500	9.9200
9.4100	9.6000	9.8000	9.5500
9.4100	9.4100	9.6000	9.8000
9.5000	9.4100	9.4100	9.6000
9.2000	9.5000	9.4100	9.4100
9.1100	9.2000	9.5000	9.4100
8.9000	9.1100	9.2000	9.5000
8.8800	8.9000	9.1100	9.2000
8.8000	8.8800	8.9000	9.1100
8.7200	8.8000	8.8800	8.9000
9.0000	8.7200	8.8000	8.8800
8.9000	9.0000	8.7200	8.8000
8.7900	8.9000	9.0000	8.7200
8.8900	8.7900	8.9000	9.0000
8.8000	8.8900	8.7900	8.9000
8.7000	8.8000	8.8900	8.7900
8.8500	8.7000	8.8000	8.8900
8.9500	8.8500	8.7000	8.8000
8.5000	8.9500	8.8500	8.7000
8.7600	8.5000	8.9500	8.8500
9.0000	8.7600	8.5000	8.9500
9.1000	9.0000	8.7600	8.5000
9.0000	9.1000	9.0000	8.7600
9.7000	9.0000	9.1000	9.0000
9.6000	9.7000	9.0000	9.1000
9.1000	9.6000	9.7000	9.0000
9.0000	9.1000	9.6000	9.7000
8.8000	9.0000	9.1000	9.6000
8.6200	8.8000	9.0000	9.1000
8.6500	8.6200	8.8000	9.0000
8.6300	8.6500	8.6200	8.8000
8.3700	8.6300	8.6500	8.6200
8.5000	8.3700	8.6300	8.6500
8.5000	8.5000	8.3700	8.6300
8.3000	8.5000	8.5000	8.3700
8.4000	8.3000	8.5000	8.5000
8.4000	8.4000	8.3000	8.5000
8.3300	8.4000	8.4000	8.3000
8.2300	8.3300	8.4000	8.4000
8.2700	8.2300	8.3300	8.4000
8.2500	8.2700	8.2300	8.3300
8.1200	8.2500	8.2700	8.2300
8.1500	8.1200	8.2500	8.2700
8.3100	8.1500	8.1200	8.2500
8.2000	8.3100	8.1500	8.1200
8.2000	8.2000	8.3100	8.1500
8.4000	8.2000	8.2000	8.3100
10.0000	8.4000	8.2000	8.2000
10.4500	10.0000	8.4000	8.2000
10.7900	10.4500	10.0000	8.4000
10.0000	10.7900	10.4500	10.0000
10.0600	10.0000	10.7900	10.4500
10.6600	10.0600	10.0000	10.7900
10.3000	10.6600	10.0600	10.0000
10.7600	10.3000	10.6600	10.0600
10.9700	10.7600	10.3000	10.6600
10.6800	10.9700	10.7600	10.3000
10.6000	10.6800	10.9700	10.7600
10.2300	10.6000	10.6800	10.9700
10.5900	10.2300	10.6000	10.6800
10.5000	10.5900	10.2300	10.6000
10.8000	10.5000	10.5900	10.2300
11.9800	10.8000	10.5000	10.5900
11.7600	11.9800	10.8000	10.5000
11.6000	11.7600	11.9800	10.8000
12.5400	11.6000	11.7600	11.9800
12.3000	12.5400	11.6000	11.7600
12.0600	12.3000	12.5400	11.6000
12.3000	12.0600	12.3000	12.5400
12.1900	12.3000	12.0600	12.3000
13.0000	12.1900	12.3000	12.0600
12.5000	13.0000	12.1900	12.3000
12.1000	12.5000	13.0000	12.1900
12.4500	12.1000	12.5000	13.0000
12.5000	12.4500	12.1000	12.5000
12.4000	12.5000	12.4500	12.1000
11.5700	12.4000	12.5000	12.4500
12.0000	11.5700	12.4000	12.5000
12.1000	12.0000	11.5700	12.4000
11.8000	12.1000	12.0000	11.5700
11.6500	11.8000	12.1000	12.0000
11.5000	11.6500	11.8000	12.1000
11.0000	11.5000	11.6500	11.8000
11.3000	11.0000	11.5000	11.6500
10.8100	11.3000	11.0000	11.5000
11.2500	10.8100	11.3000	11.0000
11.0500	11.2500	10.8100	11.3000
11.8000	11.0500	11.2500	10.8100
12.1000	11.8000	11.0500	11.2500
11.6000	12.1000	11.8000	11.0500
11.5000	11.6000	12.1000	11.8000
11.1000	11.5000	11.6000	12.1000
11.3800	11.1000	11.5000	11.6000
11.8200	11.3800	11.1000	11.5000
11.3100	11.8200	11.3800	11.1000
11.3100	11.3100	11.8200	11.3800
11.2000	11.3100	11.3100	11.8200
11.0000	11.2000	11.3100	11.3100
11.2000	11.0000	11.2000	11.3100
11.5400	11.2000	11.0000	11.2000
12.0000	11.5400	11.2000	11.0000
12.0000	12.0000	11.5400	11.2000
12.5000	12.0000	12.0000	11.5400
13.1800	12.5000	12.0000	12.0000
14.6500	13.1800	12.5000	12.0000
14.2900	14.6500	13.1800	12.5000
14.0100	14.2900	14.6500	13.1800
14.0000	14.0100	14.2900	14.6500
13.2000	14.0000	14.0100	14.2900
12.9000	13.2000	14.0000	14.0100
12.8600	12.9000	13.2000	14.0000
12.9000	12.8600	12.9000	13.2000
13.2000	12.9000	12.8600	12.9000
12.4900	13.2000	12.9000	12.8600
12.6600	12.4900	13.2000	12.9000
13.0300	12.6600	12.4900	13.2000
12.5800	13.0300	12.6600	12.4900
12.4900	12.5800	13.0300	12.6600
12.6000	12.4900	12.5800	13.0300
12.6600	12.6000	12.4900	12.5800
12.7000	12.6600	12.6000	12.4900
12.7500	12.7000	12.6600	12.6000
13.0500	12.7500	12.7000	12.6600
12.6400	13.0500	12.7500	12.7000
12.9000	12.6400	13.0500	12.7500
12.6100	12.9000	12.6400	13.0500
12.6000	12.6100	12.9000	12.6400
12.6500	12.6000	12.6100	12.9000
13.5000	12.6500	12.6000	12.6100
13.5000	13.5000	12.6500	12.6000
12.6000	13.5000	13.5000	12.6500
12.8000	12.6000	13.5000	13.5000
12.8000	12.8000	12.6000	13.5000
12.2000	12.8000	12.8000	12.6000
12.2000	12.2000	12.8000	12.8000
11.9000	12.2000	12.2000	12.8000
11.8200	11.9000	12.2000	12.2000
12.0000	11.8200	11.9000	12.2000
11.4900	12.0000	11.8200	11.9000
11.9900	11.4900	12.0000	11.8200
12.0000	11.9900	11.4900	12.0000
12.2900	12.0000	11.9900	11.4900
12.0000	12.2900	12.0000	11.9900
12.8700	12.0000	12.2900	12.0000
11.9600	12.8700	12.0000	12.2900
11.6000	11.9600	12.8700	12.0000
11.7000	11.6000	11.9600	12.8700
11.7000	11.7000	11.6000	11.9600
11.9300	11.7000	11.7000	11.6000
11.4000	11.9300	11.7000	11.7000
11.1200	11.4000	11.9300	11.7000
10.8800	11.1200	11.4000	11.9300
10.3300	10.8800	11.1200	11.4000
10.1000	10.3300	10.8800	11.1200
10.5900	10.1000	10.3300	10.8800
10.2000	10.5900	10.1000	10.3300
10.0500	10.2000	10.5900	10.1000
9.9600	10.0500	10.2000	10.5900
10.2500	9.9600	10.0500	10.2000
10.3700	10.2500	9.9600	10.0500
10.2100	10.3700	10.2500	9.9600
10.3700	10.2100	10.3700	10.2500
10.3800	10.3700	10.2100	10.3700
10.1500	10.3800	10.3700	10.2100
10.3000	10.1500	10.3800	10.3700
10.3200	10.3000	10.1500	10.3800
10.3000	10.3200	10.3000	10.1500
10.4000	10.3000	10.3200	10.3000
10.4000	10.4000	10.3000	10.3200
10.1000	10.4000	10.4000	10.3000
10.3000	10.1000	10.4000	10.4000
10.2900	10.3000	10.1000	10.4000
10.0400	10.2900	10.3000	10.1000
9.9000	10.0400	10.2900	10.3000
9.8000	9.9000	10.0400	10.2900
9.8100	9.8000	9.9000	10.0400
9.8000	9.8100	9.8000	9.9000
9.6700	9.8000	9.8100	9.8000
9.5700	9.6700	9.8000	9.8100
9.7000	9.5700	9.6700	9.8000
9.7300	9.7000	9.5700	9.6700
9.7000	9.7300	9.7000	9.5700
10.2500	9.7000	9.7300	9.7000
10.5300	10.2500	9.7000	9.7300
10.5000	10.5300	10.2500	9.7000
11.1000	10.5000	10.5300	10.2500
11.1200	11.1000	10.5000	10.5300
11.0500	11.1200	11.1000	10.5000
10.8400	11.0500	11.1200	11.1000
10.7000	10.8400	11.0500	11.1200
11.2000	10.7000	10.8400	11.0500
11.8500	11.2000	10.7000	10.8400
11.1500	11.8500	11.2000	10.7000
11.1000	11.1500	11.8500	11.2000
11.0000	11.1000	11.1500	11.8500
10.9900	11.0000	11.1000	11.1500
11.0000	10.9900	11.0000	11.1000
11.0000	11.0000	10.9900	11.0000
10.6800	11.0000	11.0000	10.9900
10.5000	10.6800	11.0000	11.0000
9.6000	10.5000	10.6800	11.0000
10.1000	9.6000	10.5000	10.6800
10.1400	10.1000	9.6000	10.5000
9.4800	10.1400	10.1000	9.6000
9.3000	9.4800	10.1400	10.1000
9.1000	9.3000	9.4800	10.1400
9.5000	9.1000	9.3000	9.4800
9.7600	9.5000	9.1000	9.3000
10.7300	9.7600	9.5000	9.1000
10.4400	10.7300	9.7600	9.5000
9.9700	10.4400	10.7300	9.7600
9.4500	9.9700	10.4400	10.7300
9.2500	9.4500	9.9700	10.4400
9.1000	9.2500	9.4500	9.9700
9.2100	9.1000	9.2500	9.4500
9.1600	9.2100	9.1000	9.2500
9.1600	9.1600	9.2100	9.1000
9.1600	9.1600	9.1600	9.2100
9.0200	9.1600	9.1600	9.1600
8.9200	9.0200	9.1600	9.1600
8.9900	8.9200	9.0200	9.1600
8.9900	8.9900	8.9200	9.0200
8.5000	8.9900	8.9900	8.9200
8.9700	8.5000	8.9900	8.9900
9.1700	8.9700	8.5000	8.9900
9.0000	9.1700	8.9700	8.5000
9.0500	9.0000	9.1700	8.9700
9.1000	9.0500	9.0000	9.1700
8.9500	9.1000	9.0500	9.0000
9.0000	8.9500	9.1000	9.0500
9.3200	9.0000	8.9500	9.1000
9.3300	9.3200	9.0000	8.9500
9.8500	9.3300	9.3200	9.0000
9.4000	9.8500	9.3300	9.3200
9.2100	9.4000	9.8500	9.3300
9.3000	9.2100	9.4000	9.8500
9.2000	9.3000	9.2100	9.4000
9.1500	9.2000	9.3000	9.2100
9.1500	9.1500	9.2000	9.3000
9.0800	9.1500	9.1500	9.2000
13.9000	9.0800	9.1500	9.1500
18.6000	13.9000	9.0800	9.1500
17.5200	18.6000	13.9000	9.0800
26.4000	17.5200	18.6000	13.9000
28.2000	26.4000	17.5200	18.6000
41.1000	28.2000	26.4000	17.5200
38.0000	41.1000	28.2000	26.4000
40.0000	38.0000	41.1000	28.2000
39.9000	40.0000	38.0000	41.1000
39.2000	39.9000	40.0000	38.0000
46.0000	39.2000	39.9000	40.0000
50.6400	46.0000	39.2000	39.9000
59.9900	50.6400	46.0000	39.2000
51.0500	59.9900	50.6400	46.0000
59.5000	51.0500	59.9900	50.6400
68.0000	59.5000	51.0500	59.9900
67.5900	68.0000	59.5000	51.0500
64.2000	67.5900	68.0000	59.5000
70.9900	64.2000	67.5900	68.0000
66.0000	70.9900	64.2000	67.5900
71.7500	66.0000	70.9900	64.2000
75.2000	71.7500	66.0000	70.9900
72.9800	75.2000	71.7500	66.0000
75.6000	72.9800	75.2000	71.7500
71.5000	75.6000	72.9800	75.2000
69.0000	71.5000	75.6000	72.9800
63.8000	69.0000	71.5000	75.6000
64.5800	63.8000	69.0000	71.5000
73.3000	64.5800	63.8000	69.0000
71.0000	73.3000	64.5800	63.8000
70.2200	71.0000	73.3000	64.5800
71.9000	70.2200	71.0000	73.3000
72.0000	71.9000	70.2200	71.0000
66.0000	72.0000	71.9000	70.2200
68.7000	66.0000	72.0000	71.9000
73.5000	68.7000	66.0000	72.0000
69.9900	73.5000	68.7000	66.0000
69.9900	69.9900	73.5000	68.7000
69.4700	69.9900	69.9900	73.5000
69.4000	69.4700	69.9900	69.9900
69.5000	69.4000	69.4700	69.9900
66.3900	69.5000	69.4000	69.4700
64.4200	66.3900	69.5000	69.4000
65.3000	64.4200	66.3900	69.5000
71.0000	65.3000	64.4200	66.3900
72.1500	71.0000	65.3000	64.4200
72.0200	72.1500	71.0000	65.3000
70.2000	72.0200	72.1500	71.0000
70.7400	70.2000	72.0200	72.1500
71.0000	70.7400	70.2000	72.0200
72.1000	71.0000	70.7400	70.2000
80.8000	72.1000	71.0000	70.7400
77.8700	80.8000	72.1000	71.0000
71.9000	77.8700	80.8000	72.1000
70.0000	71.9000	77.8700	80.8000
69.9000	70.0000	71.9000	77.8700
67.5000	69.9000	70.0000	71.9000
74.0000	67.5000	69.9000	70.0000
79.8800	74.0000	67.5000	69.9000
74.0000	79.8800	74.0000	67.5000
72.0000	74.0000	79.8800	74.0000
71.9000	72.0000	74.0000	79.8800
72.4300	71.9000	72.0000	74.0000
72.4500	72.4300	71.9000	72.0000
72.7000	72.4500	72.4300	71.9000
73.5000	72.7000	72.4500	72.4300
72.4600	73.5000	72.7000	72.4500
71.0000	72.4600	73.5000	72.7000
70.5200	71.0000	72.4600	73.5000
68.5100	70.5200	71.0000	72.4600
66.8100	68.5100	70.5200	71.0000
69.0000	66.8100	68.5100	70.5200
68.9900	69.0000	66.8100	68.5100
73.0000	68.9900	69.0000	66.8100
72.6000	73.0000	68.9900	69.0000
72.4400	72.6000	73.0000	68.9900
73.0000	72.4400	72.6000	73.0000
71.5500	73.0000	72.4400	72.6000
72.6500	71.5500	73.0000	72.4400
71.5000	72.6500	71.5500	73.0000
71.8900	71.5000	72.6500	71.5500
72.5000	71.8900	71.5000	72.6500
71.4700	72.5000	71.8900	71.5000
71.0300	71.4700	72.5000	71.8900
71.4800	71.0300	71.4700	72.5000
70.0000	71.4800	71.0300	71.4700
69.5200	70.0000	71.4800	71.0300
70.2100	69.5200	70.0000	71.4800
73.5000	70.2100	69.5200	70.0000
72.4000	73.5000	70.2100	69.5200
71.6000	72.4000	73.5000	70.2100
73.0000	71.6000	72.4000	73.5000
71.4000	73.0000	71.6000	72.4000
71.0000	71.4000	73.0000	71.6000
70.2500	71.0000	71.4000	73.0000
70.0000	70.2500	71.0000	71.4000
70.5000	70.0000	70.2500	71.0000
69.5000	70.5000	70.0000	70.2500
68.0100	69.5000	70.5000	70.0000
65.8000	68.0100	69.5000	70.5000
66.5000	65.8000	68.0100	69.5000
65.8000	66.5000	65.8000	68.0100
65.1000	65.8000	66.5000	65.8000
63.1000	65.1000	65.8000	66.5000
64.4700	63.1000	65.1000	65.8000
66.9900	64.4700	63.1000	65.1000
63.0000	66.9900	64.4700	63.1000
61.5200	63.0000	66.9900	64.4700
56.0000	61.5200	63.0000	66.9900
60.5000	56.0000	61.5200	63.0000
60.0000	60.5000	56.0000	61.5200
60.3000	60.0000	60.5000	56.0000
60.5000	60.3000	60.0000	60.5000
61.0800	60.5000	60.3000	60.0000
62.9500	61.0800	60.5000	60.3000
67.0000	62.9500	61.0800	60.5000
65.9500	67.0000	62.9500	61.0800
62.1500	65.9500	67.0000	62.9500
61.8800	62.1500	65.9500	67.0000
62.2000	61.8800	62.1500	65.9500
72.0000	62.2000	61.8800	62.1500
63.5100	72.0000	62.2000	61.8800
62.3500	63.5100	72.0000	62.2000
59.3000	62.3500	63.5100	72.0000
59.2000	59.3000	62.3500	63.5100
61.8000	59.2000	59.3000	62.3500
60.9900	61.8000	59.2000	59.3000
60.0400	60.9900	61.8000	59.2000
59.0300	60.0400	60.9900	61.8000
58.4400	59.0300	60.0400	60.9900
64.4900	58.4400	59.0300	60.0400
63.1000	64.4900	58.4400	59.0300
67.4000	63.1000	64.4900	58.4400
68.7600	67.4000	63.1000	64.4900
66.9800	68.7600	67.4000	63.1000
67.7900	66.9800	68.7600	67.4000
65.3700	67.7900	66.9800	68.7600
61.0000	65.3700	67.7900	66.9800
64.8900	61.0000	65.3700	67.7900
64.6900	64.8900	61.0000	65.3700
65.4900	64.6900	64.8900	61.0000
64.1600	65.4900	64.6900	64.8900
64.6800	64.1600	65.4900	64.6900
63.0000	64.6800	64.1600	65.4900
64.6400	63.0000	64.6800	64.1600
65.0100	64.6400	63.0000	64.6800
68.0000	65.0100	64.6400	63.0000
66.8000	68.0000	65.0100	64.6400
65.0000	66.8000	68.0000	65.0100
68.0000	65.0000	66.8000	68.0000
63.9000	68.0000	65.0000	66.8000
64.9000	63.9000	68.0000	65.0000
66.8600	64.9000	63.9000	68.0000
68.6100	66.8600	64.9000	63.9000
71.4900	68.6100	66.8600	64.9000
68.0100	71.4900	68.6100	66.8600
72.5900	68.0100	71.4900	68.6100
70.0100	72.5900	68.0100	71.4900
72.0000	70.0100	72.5900	68.0100
72.0000	72.0000	70.0100	72.5900
73.4500	72.0000	72.0000	70.0100
73.8500	73.4500	72.0000	72.0000
74.6100	73.8500	73.4500	72.0000
75.5200	74.6100	73.8500	73.4500
75.4200	75.5200	74.6100	73.8500
80.0000	75.4200	75.5200	74.6100
80.9900	80.0000	75.4200	75.5200
77.0000	80.9900	80.0000	75.4200
72.8000	77.0000	80.9900	80.0000
74.1000	72.8000	77.0000	80.9900
69.7000	74.1000	72.8000	77.0000
69.5000	69.7000	74.1000	72.8000
71.1300	69.5000	69.7000	74.1000
69.8000	71.1300	69.5000	69.7000
71.2800	69.8000	71.1300	69.5000
70.5000	71.2800	69.8000	71.1300
72.5000	70.5000	71.2800	69.8000
72.4900	72.5000	70.5000	71.2800
72.8500	72.4900	72.5000	70.5000
71.0500	72.8500	72.4900	72.5000
72.0000	71.0500	72.8500	72.4900
76.0000	72.0000	71.0500	72.8500
75.0000	76.0000	72.0000	71.0500
75.0000	75.0000	76.0000	72.0000
76.5800	75.0000	75.0000	76.0000
77.9900	76.5800	75.0000	75.0000
73.1200	77.9900	76.5800	75.0000
70.0200	73.1200	77.9900	76.5800
70.5000	70.0200	73.1200	77.9900
71.0000	70.5000	70.0200	73.1200
69.0000	71.0000	70.5000	70.0200
63.4400	69.0000	71.0000	70.5000
67.7900	63.4400	69.0000	71.0000
68.6000	67.7900	63.4400	69.0000
74.0000	68.6000	67.7900	63.4400
67.4000	74.0000	68.6000	67.7900
66.8000	67.4000	74.0000	68.6000
66.2000	66.8000	67.4000	74.0000
65.0600	66.2000	66.8000	67.4000
67.1400	65.0600	66.2000	66.8000
67.9900	67.1400	65.0600	66.2000
66.8000	67.9900	67.1400	65.0600
65.5600	66.8000	67.9900	67.1400
65.0000	65.5600	66.8000	67.9900
64.9500	65.0000	65.5600	66.8000
62.5000	64.9500	65.0000	65.5600
59.0000	62.5000	64.9500	65.0000
65.6900	59.0000	62.5000	64.9500
62.3100	65.6900	59.0000	62.5000
64.4000	62.3100	65.6900	59.0000
65.0000	64.4000	62.3100	65.6900
63.5000	65.0000	64.4000	62.3100
64.0000	63.5000	65.0000	64.4000
64.8600	64.0000	63.5000	65.0000
64.8700	64.8600	64.0000	63.5000
66.3800	64.8700	64.8600	64.0000
64.0000	66.3800	64.8700	64.8600
64.0000	64.0000	66.3800	64.8700
65.2700	64.0000	64.0000	66.3800
65.0000	65.2700	64.0000	64.0000
65.3900	65.0000	65.2700	64.0000
65.5000	65.3900	65.0000	65.2700
67.0000	65.5000	65.3900	65.0000
67.3000	67.0000	65.5000	65.3900
67.0000	67.3000	67.0000	65.5000
65.8000	67.0000	67.3000	67.0000
63.0000	65.8000	67.0000	67.3000
64.8500	63.0000	65.8000	67.0000
65.5000	64.8500	63.0000	65.8000
70.0000	65.5000	64.8500	63.0000
70.1100	70.0000	65.5000	64.8500
69.6000	70.1100	70.0000	65.5000
68.5000	69.6000	70.1100	70.0000
67.0000	68.5000	69.6000	70.1100
69.7500	67.0000	68.5000	69.6000
70.1100	69.7500	67.0000	68.5000
70.5000	70.1100	69.7500	67.0000
70.9900	70.5000	70.1100	69.7500
70.8900	70.9900	70.5000	70.1100
70.0000	70.8900	70.9900	70.5000
71.5900	70.0000	70.8900	70.9900
70.8000	71.5900	70.0000	70.8900
71.3900	70.8000	71.5900	70.0000
71.3400	71.3900	70.8000	71.5900
71.9300	71.3400	71.3900	70.8000
70.0000	71.9300	71.3400	71.3900
70.0100	70.0000	71.9300	71.3400
71.8500	70.0100	70.0000	71.9300
70.0000	71.8500	70.0100	70.0000
67.6000	70.0000	71.8500	70.0100
67.0100	67.6000	70.0000	71.8500
68.2000	67.0100	67.6000	70.0000
69.9900	68.2000	67.0100	67.6000
73.3500	69.9900	68.2000	67.0100
71.7000	73.3500	69.9900	68.2000
70.3900	71.7000	73.3500	69.9900
69.7000	70.3900	71.7000	73.3500
68.0000	69.7000	70.3900	71.7000
68.3300	68.0000	69.7000	70.3900
67.9000	68.3300	68.0000	69.7000
67.6000	67.9000	68.3300	68.0000
66.3300	67.6000	67.9000	68.3300
66.9000	66.3300	67.6000	67.9000
67.5000	66.9000	66.3300	67.6000
67.5000	67.5000	66.9000	66.3300
69.0000	67.5000	67.5000	66.9000
68.4900	69.0000	67.5000	67.5000
68.4800	68.4900	69.0000	67.5000
67.9000	68.4800	68.4900	69.0000
67.0200	67.9000	68.4800	68.4900
63.0100	67.0200	67.9000	68.4800
64.0100	63.0100	67.0200	67.9000
66.9300	64.0100	63.0100	67.0200
68.1000	66.9300	64.0100	63.0100
67.0000	68.1000	66.9300	64.0100
69.9800	67.0000	68.1000	66.9300
72.0000	69.9800	67.0000	68.1000
70.0100	72.0000	69.9800	67.0000
70.1700	70.0100	72.0000	69.9800
71.1000	70.1700	70.0100	72.0000
71.0000	71.1000	70.1700	70.0100
70.0100	71.0000	71.1000	70.1700
70.9000	70.0100	71.0000	71.1000
72.5100	70.9000	70.0100	71.0000
72.4900	72.5100	70.9000	70.0100
72.4000	72.4900	72.5100	70.9000
74.7700	72.4000	72.4900	72.5100
75.0000	74.7700	72.4000	72.4900
75.9000	75.0000	74.7700	72.4000
74.0000	75.9000	75.0000	74.7700
74.9900	74.0000	75.9000	75.0000
75.4400	74.9900	74.0000	75.9000
74.5500	75.4400	74.9900	74.0000
74.6000	74.5500	75.4400	74.9900
74.9000	74.6000	74.5500	75.4400
78.0000	74.9000	74.6000	74.5500
83.2500	78.0000	74.9000	74.6000
83.0000	83.2500	78.0000	74.9000
81.5000	83.0000	83.2500	78.0000
87.5000	81.5000	83.0000	83.2500
86.1500	87.5000	81.5000	83.0000
85.1500	86.1500	87.5000	81.5000
84.9000	85.1500	86.1500	87.5000
81.7000	84.9000	85.1500	86.1500
79.0000	81.7000	84.9000	85.1500
76.0000	79.0000	81.7000	84.9000
76.4900	76.0000	79.0000	81.7000
79.3000	76.4900	76.0000	79.0000
76.8000	79.3000	76.4900	76.0000
76.4000	76.8000	79.3000	76.4900
75.9300	76.4000	76.8000	79.3000
74.0000	75.9300	76.4000	76.8000
75.7000	74.0000	75.9300	76.4000
73.0200	75.7000	74.0000	75.9300
72.5200	73.0200	75.7000	74.0000
74.7500	72.5200	73.0200	75.7000
75.7000	74.7500	72.5200	73.0200
74.0000	75.7000	74.7500	72.5200
74.4000	74.0000	75.7000	74.7500
75.5000	74.4000	74.0000	75.7000
74.1100	75.5000	74.4000	74.0000
75.7700	74.1100	75.5000	74.4000
75.9700	75.7700	74.1100	75.5000
74.0000	75.9700	75.7700	74.1100
74.5000	74.0000	75.9700	75.7700
75.2000	74.5000	74.0000	75.9700
78.5000	75.2000	74.5000	74.0000
80.4500	78.5000	75.2000	74.5000
79.1000	80.4500	78.5000	75.2000
79.6200	79.1000	80.4500	78.5000
80.8000	79.6200	79.1000	80.4500
79.4900	80.8000	79.6200	79.1000
80.1400	79.4900	80.8000	79.6200
80.1500	80.1400	79.4900	80.8000
80.8000	80.1500	80.1400	79.4900
75.5100	80.8000	80.1500	80.1400
78.3000	75.5100	80.8000	80.1500
69.9900	78.3000	75.5100	80.8000
72.2900	69.9900	78.3000	75.5100
71.5500	72.2900	69.9900	78.3000
72.4500	71.5500	72.2900	69.9900
71.9800	72.4500	71.5500	72.2900
71.0000	71.9800	72.4500	71.5500
70.6300	71.0000	71.9800	72.4500
70.0000	70.6300	71.0000	71.9800
69.9100	70.0000	70.6300	71.0000
70.7900	69.9100	70.0000	70.6300
70.9000	70.7900	69.9100	70.0000
70.1900	70.9000	70.7900	69.9100
70.0000	70.1900	70.9000	70.7900
69.9000	70.0000	70.1900	70.9000
68.5000	69.9000	70.0000	70.1900
68.5000	68.5000	69.9000	70.0000
70.5000	68.5000	68.5000	69.9000
71.6000	70.5000	68.5000	68.5000
71.5000	71.6000	70.5000	68.5000
70.0500	71.5000	71.6000	70.5000
71.0000	70.0500	71.5000	71.6000
69.3100	71.0000	70.0500	71.5000
70.4000	69.3100	71.0000	70.0500
70.0000	70.4000	69.3100	71.0000
70.0000	70.0000	70.4000	69.3100
71.0000	70.0000	70.0000	70.4000
70.6900	71.0000	70.0000	70.0000
70.0000	70.6900	71.0000	70.0000
70.1400	70.0000	70.6900	71.0000
70.0000	70.1400	70.0000	70.6900
69.1000	70.0000	70.1400	70.0000
69.9800	69.1000	70.0000	70.1400
69.0000	69.9800	69.1000	70.0000
69.1000	69.0000	69.9800	69.1000
67.6000	69.1000	69.0000	69.9800
71.0000	67.6000	69.1000	69.0000
70.9000	71.0000	67.6000	69.1000
71.3700	70.9000	71.0000	67.6000
72.8900	71.3700	70.9000	71.0000
74.2000	72.8900	71.3700	70.9000
75.8700	74.2000	72.8900	71.3700
77.7600	75.8700	74.2000	72.8900
75.5100	77.7600	75.8700	74.2000
74.0100	75.5100	77.7600	75.8700
72.9000	74.0100	75.5100	77.7600
72.0000	72.9000	74.0100	75.5100
72.4400	72.0000	72.9000	74.0100
74.8000	72.4400	72.0000	72.9000
73.9900	74.8000	72.4400	72.0000
72.8900	73.9900	74.8000	72.4400
73.9700	72.8900	73.9900	74.8000
72.1000	73.9700	72.8900	73.9900
72.0000	72.1000	73.9700	72.8900
71.6000	72.0000	72.1000	73.9700
72.1000	71.6000	72.0000	72.1000
72.2000	72.1000	71.6000	72.0000
73.3800	72.2000	72.1000	71.6000
71.5100	73.3800	72.2000	72.1000
72.3300	71.5100	73.3800	72.2000
73.0000	72.3300	71.5100	73.3800
73.4900	73.0000	72.3300	71.5100
74.7000	73.4900	73.0000	72.3300
70.0200	74.7000	73.4900	73.0000
75.0000	70.0200	74.7000	73.4900
75.2000	75.0000	70.0200	74.7000
75.0000	75.2000	75.0000	70.0200
76.4000	75.0000	75.2000	75.0000
76.6000	76.4000	75.0000	75.2000
77.4800	76.6000	76.4000	75.0000
79.5000	77.4800	76.6000	76.4000
82.9000	79.5000	77.4800	76.6000
83.1000	82.9000	79.5000	77.4800
84.9000	83.1000	82.9000	79.5000
82.3000	84.9000	83.1000	82.9000
83.9900	82.3000	84.9000	83.1000
85.9900	83.9900	82.3000	84.9000
85.5000	85.9900	83.9900	82.3000
85.0000	85.5000	85.9900	83.9900
87.3900	85.0000	85.5000	85.9900
86.0000	87.3900	85.0000	85.5000
85.8000	86.0000	87.3900	85.0000
90.5000	85.8000	86.0000	87.3900
87.9800	90.5000	85.8000	86.0000
91.0000	87.9800	90.5000	85.8000
94.9800	91.0000	87.9800	90.5000
93.5000	94.9800	91.0000	87.9800
92.3200	93.5000	94.9800	91.0000
91.6000	92.3200	93.5000	94.9800
92.5000	91.6000	92.3200	93.5000
94.0000	92.5000	91.6000	92.3200
92.0000	94.0000	92.5000	91.6000
91.6000	92.0000	94.0000	92.5000
90.8000	91.6000	92.0000	94.0000
92.9700	90.8000	91.6000	92.0000
93.6400	92.9700	90.8000	91.6000
94.0000	93.6400	92.9700	90.8000
96.0000	94.0000	93.6400	92.9700
101.0000	96.0000	94.0000	93.6400
100.0000	101.0000	96.0000	94.0000
103.9000	100.0000	101.0000	96.0000
101.9000	103.9000	100.0000	101.0000
100.0000	101.9000	103.9000	100.0000
98.5000	100.0000	101.9000	103.9000
98.4500	98.5000	100.0000	101.9000
104.0000	98.4500	98.5000	100.0000
104.0000	104.0000	98.4500	98.5000
101.3500	104.0000	104.0000	98.4500
104.2000	101.3500	104.0000	104.0000
99.5100	104.2000	101.3500	104.0000
101.4000	99.5100	104.2000	101.3500
96.8000	101.4000	99.5100	104.2000
99.7500	96.8000	101.4000	99.5100
98.4900	99.7500	96.8000	101.4000
112.5000	98.4900	99.7500	96.8000
122.4000	112.5000	98.4900	99.7500
122.9000	122.4000	112.5000	98.4900
117.0000	122.9000	122.4000	112.5000
116.4000	117.0000	122.9000	122.4000
118.4000	116.4000	117.0000	122.9000
127.5000	118.4000	116.4000	117.0000
131.2000	127.5000	118.4000	116.4000
126.0000	131.2000	127.5000	118.4000
127.8500	126.0000	131.2000	127.5000
119.5000	127.8500	126.0000	131.2000
124.9000	119.5000	127.8500	126.0000
120.6500	124.9000	119.5000	127.8500
120.3000	120.6500	124.9000	119.5000
119.0000	120.3000	120.6500	124.9000
117.0000	119.0000	120.3000	120.6500
116.0000	117.0000	119.0000	120.3000
115.0000	116.0000	117.0000	119.0000
129.0000	115.0000	116.0000	117.0000
130.0000	129.0000	115.0000	116.0000
127.0000	130.0000	129.0000	115.0000
124.0000	127.0000	130.0000	129.0000
124.1500	124.0000	127.0000	130.0000
126.0000	124.1500	124.0000	127.0000
124.4000	126.0000	124.1500	124.0000
122.6000	124.4000	126.0000	124.1500
122.5000	122.6000	124.4000	126.0000
121.7000	122.5000	122.6000	124.4000
119.4500	121.7000	122.5000	122.6000
120.0000	119.4500	121.7000	122.5000
119.9500	120.0000	119.4500	121.7000
119.0000	119.9500	120.0000	119.4500
119.0000	119.0000	119.9500	120.0000
119.0000	119.0000	119.0000	119.9500
119.4000	119.0000	119.0000	119.0000
126.4000	119.4000	119.0000	119.0000
120.0000	126.4000	119.4000	119.0000
119.8000	120.0000	126.4000	119.4000
120.7500	119.8000	120.0000	126.4000
124.9000	120.7500	119.8000	120.0000
124.0000	124.9000	120.7500	119.8000
118.4000	124.0000	124.9000	120.7500
118.6000	118.4000	124.0000	124.9000
118.6000	118.6000	118.4000	124.0000
118.7000	118.6000	118.6000	118.4000
117.0000	118.7000	118.6000	118.6000
122.3000	117.0000	118.7000	118.6000
119.3000	122.3000	117.0000	118.7000
119.0000	119.3000	122.3000	117.0000
118.2000	119.0000	119.3000	122.3000
119.5500	118.2000	119.0000	119.3000
118.2000	119.5500	118.2000	119.0000
120.8500	118.2000	119.5500	118.2000
119.0000	120.8500	118.2000	119.5500
123.0000	119.0000	120.8500	118.2000
122.3000	123.0000	119.0000	120.8500
126.8000	122.3000	123.0000	119.0000
127.6000	126.8000	122.3000	123.0000
133.9500	127.6000	126.8000	122.3000
133.5000	133.9500	127.6000	126.8000
132.8000	133.5000	133.9500	127.6000
132.2500	132.8000	133.5000	133.9500
134.0000	132.2500	132.8000	133.5000
139.5000	134.0000	132.2500	132.8000
143.0000	139.5000	134.0000	132.2500
138.0000	143.0000	139.5000	134.0000
138.0000	138.0000	143.0000	139.5000
137.2000	138.0000	138.0000	143.0000
142.0000	137.2000	138.0000	138.0000
147.0000	142.0000	137.2000	138.0000
143.5000	147.0000	142.0000	137.2000
147.9000	143.5000	147.0000	142.0000
146.6500	147.9000	143.5000	147.0000
139.0000	146.6500	147.9000	143.5000
138.8000	139.0000	146.6500	147.9000
140.0000	138.8000	139.0000	146.6500
147.5000	140.0000	138.8000	139.0000
147.5000	147.5000	140.0000	138.8000
147.9500	147.5000	147.5000	140.0000
148.2000	147.9500	147.5000	147.5000
146.9000	148.2000	147.9500	147.5000
147.0000	146.9000	148.2000	147.9500
147.1500	147.0000	146.9000	148.2000
147.9000	147.1500	147.0000	146.9000
152.0000	147.9000	147.1500	147.0000
154.0000	152.0000	147.9000	147.1500
153.9000	154.0000	152.0000	147.9000
152.4000	153.9000	154.0000	152.0000
150.0000	152.4000	153.9000	154.0000
144.0000	150.0000	152.4000	153.9000
142.5000	144.0000	150.0000	152.4000
149.0000	142.5000	144.0000	150.0000
147.0000	149.0000	142.5000	144.0000
147.0000	147.0000	149.0000	142.5000
143.0000	147.0000	147.0000	149.0000
142.9000	143.0000	147.0000	147.0000
141.7500	142.9000	143.0000	147.0000
140.9000	141.7500	142.9000	143.0000
143.5500	140.9000	141.7500	142.9000
139.2000	143.5500	140.9000	141.7500
139.7000	139.2000	143.5500	140.9000
138.5000	139.7000	139.2000	143.5500
144.0000	138.5000	139.7000	139.2000
145.0000	144.0000	138.5000	139.7000
145.0000	145.0000	144.0000	138.5000
155.1000	145.0000	145.0000	144.0000
160.0000	155.1000	145.0000	145.0000
161.0000	160.0000	155.1000	145.0000
156.4000	161.0000	160.0000	155.1000
160.8000	156.4000	161.0000	160.0000
161.0000	160.8000	156.4000	161.0000
168.0000	161.0000	160.8000	156.4000
164.0000	168.0000	161.0000	160.8000
162.2000	164.0000	168.0000	161.0000
159.1000	162.2000	164.0000	168.0000
162.8000	159.1000	162.2000	164.0000
172.2000	162.8000	159.1000	162.2000
195.0000	172.2000	162.8000	159.1000
190.0500	195.0000	172.2000	162.8000
195.0000	190.0500	195.0000	172.2000
190.0000	195.0000	190.0500	195.0000
193.9500	190.0000	195.0000	190.0500
193.0000	193.9500	190.0000	195.0000
193.5000	193.0000	193.9500	190.0000
188.0000	193.5000	193.0000	193.9500
185.5000	188.0000	193.5000	193.0000
185.1000	185.5000	188.0000	193.5000
182.1500	185.1000	185.5000	188.0000
180.5000	182.1500	185.1000	185.5000
174.6500	180.5000	182.1500	185.1000
189.9000	174.6500	180.5000	182.1500
187.9000	189.9000	174.6500	180.5000
187.0000	187.9000	189.9000	174.6500
187.9000	187.0000	187.9000	189.9000
188.0500	187.9000	187.0000	187.9000
188.4500	188.0500	187.9000	187.0000
189.0000	188.4500	188.0500	187.9000
187.8000	189.0000	188.4500	188.0500
187.0000	187.8000	189.0000	188.4500
191.0000	187.0000	187.8000	189.0000
187.1000	191.0000	187.0000	187.8000
188.0000	187.1000	191.0000	187.0000
190.9000	188.0000	187.1000	191.0000
190.0000	190.9000	188.0000	187.1000
190.0000	190.0000	190.9000	188.0000
191.8000	190.0000	190.0000	190.9000
192.9500	191.8000	190.0000	190.0000
192.9500	192.9500	191.8000	190.0000
202.9000	192.9500	192.9500	191.8000
213.0500	202.9000	192.9500	192.9500
211.8000	213.0500	202.9000	192.9500
203.0000	211.8000	213.0500	202.9000
192.0000	203.0000	211.8000	213.0500
192.0000	192.0000	203.0000	211.8000
193.5000	192.0000	192.0000	203.0000
195.3000	193.5000	192.0000	192.0000
193.7000	195.3000	193.5000	192.0000
190.1500	193.7000	195.3000	193.5000
192.0000	190.1500	193.7000	195.3000
188.0000	192.0000	190.1500	193.7000
185.1500	188.0000	192.0000	190.1500
181.0000	185.1500	188.0000	192.0000
189.0000	181.0000	185.1500	188.0000
182.1000	189.0000	181.0000	185.1500
190.0000	182.1000	189.0000	181.0000
190.0000	190.0000	182.1000	189.0000
185.0000	190.0000	190.0000	182.1000
183.0000	185.0000	190.0000	190.0000
180.0000	183.0000	185.0000	190.0000
176.5000	180.0000	183.0000	185.0000
173.0000	176.5000	180.0000	183.0000
183.5000	173.0000	176.5000	180.0000
192.0000	183.5000	173.0000	176.5000
195.0000	192.0000	183.5000	173.0000
191.0000	195.0000	192.0000	183.5000
191.9000	191.0000	195.0000	192.0000
192.0000	191.9000	191.0000	195.0000
197.8000	192.0000	191.9000	191.0000
190.0000	197.8000	192.0000	191.9000
192.8000	190.0000	197.8000	192.0000
190.0000	192.8000	190.0000	197.8000
186.0000	190.0000	192.8000	190.0000
186.0000	186.0000	190.0000	192.8000
184.5500	186.0000	186.0000	190.0000
183.9500	184.5500	186.0000	186.0000
183.5000	183.9500	184.5500	186.0000
182.4000	183.5000	183.9500	184.5500
181.5000	182.4000	183.5000	183.9500
189.0000	181.5000	182.4000	183.5000
187.9000	189.0000	181.5000	182.4000
187.0000	187.9000	189.0000	181.5000
187.8000	187.0000	187.9000	189.0000
182.5000	187.8000	187.0000	187.9000
186.0000	182.5000	187.8000	187.0000
188.5000	186.0000	182.5000	187.8000
188.0000	188.5000	186.0000	182.5000
180.0000	188.0000	188.5000	186.0000
171.5500	180.0000	188.0000	188.5000
179.0000	171.5500	180.0000	188.0000
184.5000	179.0000	171.5500	180.0000
183.0000	184.5000	179.0000	171.5500
179.0000	183.0000	184.5000	179.0000
179.0000	179.0000	183.0000	184.5000
178.0000	179.0000	179.0000	183.0000
182.0000	178.0000	179.0000	179.0000
183.7000	182.0000	178.0000	179.0000
180.0000	183.7000	182.0000	178.0000
178.0000	180.0000	183.7000	182.0000
179.5500	178.0000	180.0000	183.7000
176.1000	179.5500	178.0000	180.0000
177.5000	176.1000	179.5500	178.0000
177.5000	177.5000	176.1000	179.5500
175.0000	177.5000	177.5000	176.1000
174.4000	175.0000	177.5000	177.5000
170.5000	174.4000	175.0000	177.5000
180.0000	170.5000	174.4000	175.0000
179.5000	180.0000	170.5000	174.4000
179.0000	179.5000	180.0000	170.5000
180.0000	179.0000	179.5000	180.0000
180.0000	180.0000	179.0000	179.5000
182.3000	180.0000	180.0000	179.0000
181.9000	182.3000	180.0000	180.0000
185.0000	181.9000	182.3000	180.0000
192.0000	185.0000	181.9000	182.3000
194.9000	192.0000	185.0000	181.9000
195.4500	194.9000	192.0000	185.0000
197.9000	195.4500	194.9000	192.0000
193.8500	197.9000	195.4500	194.9000
190.8500	193.8500	197.9000	195.4500
190.7500	190.8500	193.8500	197.9000
193.3000	190.7500	190.8500	193.8500
187.8500	193.3000	190.7500	190.8500
184.0000	187.8500	193.3000	190.7500
186.5000	184.0000	187.8500	193.3000
183.0000	186.5000	184.0000	187.8500
182.0000	183.0000	186.5000	184.0000
184.0000	182.0000	183.0000	186.5000
188.0000	184.0000	182.0000	183.0000
189.0000	188.0000	184.0000	182.0000
191.0000	189.0000	188.0000	184.0000
193.9000	191.0000	189.0000	188.0000
193.6500	193.9000	191.0000	189.0000
189.1000	193.6500	193.9000	191.0000
188.2000	189.1000	193.6500	193.9000
190.8500	188.2000	189.1000	193.6500
195.0000	190.8500	188.2000	189.1000
197.0500	195.0000	190.8500	188.2000
208.0000	197.0500	195.0000	190.8500
209.7000	208.0000	197.0500	195.0000
205.0000	209.7000	208.0000	197.0500
200.8000	205.0000	209.7000	208.0000
191.9000	200.8000	205.0000	209.7000
196.0000	191.9000	200.8000	205.0000
196.7000	196.0000	191.9000	200.8000
196.2000	196.7000	196.0000	191.9000
203.9500	196.2000	196.7000	196.0000
204.3000	203.9500	196.2000	196.7000
204.0000	204.3000	203.9500	196.2000
201.4000	204.0000	204.3000	203.9500
195.0000	201.4000	204.0000	204.3000
197.0000	195.0000	201.4000	204.0000
193.9000	197.0000	195.0000	201.4000
191.2000	193.9000	197.0000	195.0000
187.5000	191.2000	193.9000	197.0000
190.0000	187.5000	191.2000	193.9000
183.0000	190.0000	187.5000	191.2000
184.5000	183.0000	190.0000	187.5000
186.8000	184.5000	183.0000	190.0000
186.8500	186.8000	184.5000	183.0000
195.0000	186.8500	186.8000	184.5000
193.0000	195.0000	186.8500	186.8000
189.0000	193.0000	195.0000	186.8500
190.4000	189.0000	193.0000	195.0000
192.5000	190.4000	189.0000	193.0000
190.0000	192.5000	190.4000	189.0000
189.9500	190.0000	192.5000	190.4000
189.5000	189.9500	190.0000	192.5000
188.0000	189.5000	189.9500	190.0000
187.0000	188.0000	189.5000	189.9500
188.0000	187.0000	188.0000	189.5000
186.0000	188.0000	187.0000	188.0000
184.0000	186.0000	188.0000	187.0000
181.9500	184.0000	186.0000	188.0000
178.0000	181.9500	184.0000	186.0000
176.0000	178.0000	181.9500	184.0000
175.5500	176.0000	178.0000	181.9500
167.0000	175.5500	176.0000	178.0000
164.9000	167.0000	175.5500	176.0000
176.8500	164.9000	167.0000	175.5500
177.9000	176.8500	164.9000	167.0000
177.9500	177.9000	176.8500	164.9000
175.0000	177.9500	177.9000	176.8500
170.0000	175.0000	177.9500	177.9000
167.8000	170.0000	175.0000	177.9500
163.0000	167.8000	170.0000	175.0000
170.0000	163.0000	167.8000	170.0000
169.8000	170.0000	163.0000	167.8000
165.4000	169.8000	170.0000	163.0000
167.5000	165.4000	169.8000	170.0000
169.1000	167.5000	165.4000	169.8000
172.0000	169.1000	167.5000	165.4000
164.0000	172.0000	169.1000	167.5000
155.0000	164.0000	172.0000	169.1000
168.9500	155.0000	164.0000	172.0000
176.8000	168.9500	155.0000	164.0000
181.9500	176.8000	168.9500	155.0000
180.0000	181.9500	176.8000	168.9500
182.0000	180.0000	181.9500	176.8000
182.0000	182.0000	180.0000	181.9500
182.0000	182.0000	182.0000	180.0000
182.5000	182.0000	182.0000	182.0000
179.0000	182.5000	182.0000	182.0000
181.5000	179.0000	182.5000	182.0000
174.0500	181.5000	179.0000	182.5000
171.2000	174.0500	181.5000	179.0000
179.9000	171.2000	174.0500	181.5000
176.7000	179.9000	171.2000	174.0500
176.7000	176.7000	179.9000	171.2000
175.0000	176.7000	176.7000	179.9000
174.5000	175.0000	176.7000	176.7000
174.0000	174.5000	175.0000	176.7000
174.0000	174.0000	174.5000	175.0000
170.8000	174.0000	174.0000	174.5000
177.0000	170.8000	174.0000	174.0000
189.0000	177.0000	170.8000	174.0000
194.7000	189.0000	177.0000	170.8000
191.9500	194.7000	189.0000	177.0000
194.0000	191.9500	194.7000	189.0000
191.0000	194.0000	191.9500	194.7000
188.5000	191.0000	194.0000	191.9500
195.0000	188.5000	191.0000	194.0000
200.0000	195.0000	188.5000	191.0000
202.0000	200.0000	195.0000	188.5000
202.5000	202.0000	200.0000	195.0000
202.0000	202.5000	202.0000	200.0000
206.0000	202.0000	202.5000	202.0000
206.5000	206.0000	202.0000	202.5000
204.0000	206.5000	206.0000	202.0000
204.0000	204.0000	206.5000	206.0000
203.5000	204.0000	204.0000	206.5000
201.0000	203.5000	204.0000	204.0000
206.5000	201.0000	203.5000	204.0000
208.0000	206.5000	201.0000	203.5000
206.5000	208.0000	206.5000	201.0000
209.5000	206.5000	208.0000	206.5000
209.0000	209.5000	206.5000	208.0000
206.5000	209.0000	209.5000	206.5000
204.5000	206.5000	209.0000	209.5000
205.0000	204.5000	206.5000	209.0000
215.0000	205.0000	204.5000	206.5000
212.5000	215.0000	205.0000	204.5000
212.0000	212.5000	215.0000	205.0000
213.0000	212.0000	212.5000	215.0000
214.0000	213.0000	212.0000	212.5000
211.0000	214.0000	213.0000	212.0000
198.6000	211.0000	214.0000	213.0000
205.0000	198.6000	211.0000	214.0000
209.5000	205.0000	198.6000	211.0000
202.0000	209.5000	205.0000	198.6000
207.5000	202.0000	209.5000	205.0000
210.0000	207.5000	202.0000	209.5000
210.0000	210.0000	207.5000	202.0000
211.0000	210.0000	210.0000	207.5000
212.0000	211.0000	210.0000	210.0000
212.5000	212.0000	211.0000	210.0000
210.0000	212.5000	212.0000	211.0000
211.0000	210.0000	212.5000	212.0000
210.5000	211.0000	210.0000	212.5000
211.0000	210.5000	211.0000	210.0000
213.5000	211.0000	210.5000	211.0000
211.5000	213.5000	211.0000	210.5000
212.5000	211.5000	213.5000	211.0000
211.5000	212.5000	211.5000	213.5000
205.0000	211.5000	212.5000	211.5000
214.0000	205.0000	211.5000	212.5000
212.5000	214.0000	205.0000	211.5000
212.0000	212.5000	214.0000	205.0000
210.5000	212.0000	212.5000	214.0000
215.5000	210.5000	212.0000	212.5000
219.5000	215.5000	210.5000	212.0000
216.5000	219.5000	215.5000	210.5000
216.0000	216.5000	219.5000	215.5000
211.5000	216.0000	216.5000	219.5000
211.0000	211.5000	216.0000	216.5000
211.0000	211.0000	211.5000	216.0000
210.0000	211.0000	211.0000	211.5000
208.0000	210.0000	211.0000	211.0000
208.0000	208.0000	210.0000	211.0000
207.0000	208.0000	208.0000	210.0000
209.0000	207.0000	208.0000	208.0000
208.5000	209.0000	207.0000	208.0000
211.5000	208.5000	209.0000	207.0000
208.5000	211.5000	208.5000	209.0000
212.0000	208.5000	211.5000	208.5000
210.0000	212.0000	208.5000	211.5000
216.5000	210.0000	212.0000	208.5000
219.0000	216.5000	210.0000	212.0000
236.0000	219.0000	216.5000	210.0000
236.0000	236.0000	219.0000	216.5000
236.0000	236.0000	236.0000	219.0000
243.0000	236.0000	236.0000	236.0000
247.0000	243.0000	236.0000	236.0000
246.0000	247.0000	243.0000	236.0000
260.0000	246.0000	247.0000	243.0000
259.5000	260.0000	246.0000	247.0000
252.5000	259.5000	260.0000	246.0000
240.0000	252.5000	259.5000	260.0000
243.0000	240.0000	252.5000	259.5000
259.5000	243.0000	240.0000	252.5000
277.0000	259.5000	243.0000	240.0000
289.5000	277.0000	259.5000	243.0000
284.5000	289.5000	277.0000	259.5000
322.0000	284.5000	289.5000	277.0000
375.0000	322.0000	284.5000	289.5000
347.5000	375.0000	322.0000	284.5000
359.0000	347.5000	375.0000	322.0000
375.0000	359.0000	347.5000	375.0000
370.5000	375.0000	359.0000	347.5000
397.0000	370.5000	375.0000	359.0000
393.0000	397.0000	370.5000	375.0000
459.5000	393.0000	397.0000	370.5000
505.0000	459.5000	393.0000	397.0000
530.0000	505.0000	459.5000	393.0000
498.0000	530.0000	505.0000	459.5000
480.0000	498.0000	530.0000	505.0000
493.0000	480.0000	498.0000	530.0000
501.0000	493.0000	480.0000	498.0000
495.0000	501.0000	493.0000	480.0000
491.5000	495.0000	501.0000	493.0000
488.0000	491.5000	495.0000	501.0000
506.0000	488.0000	491.5000	495.0000
509.0000	506.0000	488.0000	491.5000
481.0000	509.0000	506.0000	488.0000
470.0000	481.0000	509.0000	506.0000
454.0000	470.0000	481.0000	509.0000
490.0000	454.0000	470.0000	481.0000
480.0000	490.0000	454.0000	470.0000
473.5000	480.0000	490.0000	454.0000
471.5000	473.5000	480.0000	490.0000
473.0000	471.5000	473.5000	480.0000
455.0000	473.0000	471.5000	473.5000
469.0000	455.0000	473.0000	471.5000
469.0000	469.0000	455.0000	473.0000
500.0000	469.0000	469.0000	455.0000
496.0000	500.0000	469.0000	469.0000
473.0000	496.0000	500.0000	469.0000
467.0000	473.0000	496.0000	500.0000
463.0000	467.0000	473.0000	496.0000
455.0000	463.0000	467.0000	473.0000
449.0000	455.0000	463.0000	467.0000
450.0000	449.0000	455.0000	463.0000
433.5000	450.0000	449.0000	455.0000
446.0000	433.5000	450.0000	449.0000
447.0000	446.0000	433.5000	450.0000
447.5000	447.0000	446.0000	433.5000
436.0000	447.5000	447.0000	446.0000
430.0000	436.0000	447.5000	447.0000
435.5000	430.0000	436.0000	447.5000
426.0000	435.5000	430.0000	436.0000
412.5000	426.0000	435.5000	430.0000
425.5000	412.5000	426.0000	435.5000
454.0000	425.5000	412.5000	426.0000
450.5000	454.0000	425.5000	412.5000
475.0000	450.5000	454.0000	425.5000
480.0000	475.0000	450.5000	454.0000
481.5000	480.0000	475.0000	450.5000
440.0000	481.5000	480.0000	475.0000
441.5000	440.0000	481.5000	480.0000
423.0000	441.5000	440.0000	481.5000
431.0000	423.0000	441.5000	440.0000
435.5000	431.0000	423.0000	441.5000
433.5000	435.5000	431.0000	423.0000
429.0000	433.5000	435.5000	431.0000
439.0000	429.0000	433.5000	435.5000
450.5000	439.0000	429.0000	433.5000
445.0000	450.5000	439.0000	429.0000
439.5000	445.0000	450.5000	439.0000
435.0000	439.5000	445.0000	450.5000
443.5000	435.0000	439.5000	445.0000
453.0000	443.5000	435.0000	439.5000
445.0000	453.0000	443.5000	435.0000
443.0000	445.0000	453.0000	443.5000
450.0000	443.0000	445.0000	453.0000
449.0000	450.0000	443.0000	445.0000
442.0000	449.0000	450.0000	443.0000
435.0000	442.0000	449.0000	450.0000
437.0000	435.0000	442.0000	449.0000
443.0000	437.0000	435.0000	442.0000
451.0000	443.0000	437.0000	435.0000
462.5000	451.0000	443.0000	437.0000
453.0000	462.5000	451.0000	443.0000
440.0000	453.0000	462.5000	451.0000
439.0000	440.0000	453.0000	462.5000
437.0000	439.0000	440.0000	453.0000
442.0000	437.0000	439.0000	440.0000
430.0000	442.0000	437.0000	439.0000
427.5000	430.0000	442.0000	437.0000
375.0000	427.5000	430.0000	442.0000
383.0000	375.0000	427.5000	430.0000
330.0000	383.0000	375.0000	427.5000
368.0000	330.0000	383.0000	375.0000
335.0000	368.0000	330.0000	383.0000
331.0000	335.0000	368.0000	330.0000
340.0000	331.0000	335.0000	368.0000
329.0000	340.0000	331.0000	335.0000
333.5000	329.0000	340.0000	331.0000
339.0000	333.5000	329.0000	340.0000
344.0000	339.0000	333.5000	329.0000
363.5000	344.0000	339.0000	333.5000
368.0000	363.5000	344.0000	339.0000
361.0000	368.0000	363.5000	344.0000
354.5000	361.0000	368.0000	363.5000
359.0000	354.5000	361.0000	368.0000
358.0000	359.0000	354.5000	361.0000
348.0000	358.0000	359.0000	354.5000
348.5000	348.0000	358.0000	359.0000
341.5000	348.5000	348.0000	358.0000
345.5000	341.5000	348.5000	348.0000
341.0000	345.5000	341.5000	348.5000
330.5000	341.0000	345.5000	341.5000
335.5000	330.5000	341.0000	345.5000
334.0000	335.5000	330.5000	341.0000
330.0000	334.0000	335.5000	330.5000
330.0000	330.0000	334.0000	335.5000
298.5000	330.0000	330.0000	334.0000
310.0000	298.5000	330.0000	330.0000
293.0000	310.0000	298.5000	330.0000
305.0000	293.0000	310.0000	298.5000
320.0000	305.0000	293.0000	310.0000
337.0000	320.0000	305.0000	293.0000
330.0000	337.0000	320.0000	305.0000
322.0000	330.0000	337.0000	320.0000
315.0000	322.0000	330.0000	337.0000
315.0000	315.0000	322.0000	330.0000
298.0000	315.0000	315.0000	322.0000
295.0000	298.0000	315.0000	315.0000
291.0000	295.0000	298.0000	315.0000
307.0000	291.0000	295.0000	298.0000
295.0000	307.0000	291.0000	295.0000
290.0000	295.0000	307.0000	291.0000
296.0000	290.0000	295.0000	307.0000
309.5000	296.0000	290.0000	295.0000
310.0000	309.5000	296.0000	290.0000
304.5000	310.0000	309.5000	296.0000
302.5000	304.5000	310.0000	309.5000
296.0000	302.5000	304.5000	310.0000
290.5000	296.0000	302.5000	304.5000
287.0000	290.5000	296.0000	302.5000
289.0000	287.0000	290.5000	296.0000
287.0000	289.0000	287.0000	290.5000
274.0000	287.0000	289.0000	287.0000
246.0000	274.0000	287.0000	289.0000
233.0000	246.0000	274.0000	287.0000
237.5000	233.0000	246.0000	274.0000
249.0000	237.5000	233.0000	246.0000
274.5000	249.0000	237.5000	233.0000
277.5000	274.5000	249.0000	237.5000
267.0000	277.5000	274.5000	249.0000
271.0000	267.0000	277.5000	274.5000
269.5000	271.0000	267.0000	277.5000
267.0000	269.5000	271.0000	267.0000
268.0000	267.0000	269.5000	271.0000
272.0000	268.0000	267.0000	269.5000
262.0000	272.0000	268.0000	267.0000
262.0000	262.0000	272.0000	268.0000
261.5000	262.0000	262.0000	272.0000
258.0000	261.5000	262.0000	262.0000
251.0000	258.0000	261.5000	262.0000
243.0000	251.0000	258.0000	261.5000
241.0000	243.0000	251.0000	258.0000
245.0000	241.0000	243.0000	251.0000
250.0000	245.0000	241.0000	243.0000
246.0000	250.0000	245.0000	241.0000
244.5000	246.0000	250.0000	245.0000
243.0000	244.5000	246.0000	250.0000
245.0000	243.0000	244.5000	246.0000
240.5000	245.0000	243.0000	244.5000
239.5000	240.5000	245.0000	243.0000
244.0000	239.5000	240.5000	245.0000
253.0000	244.0000	239.5000	240.5000
252.0000	253.0000	244.0000	239.5000
263.5000	252.0000	253.0000	244.0000
270.0000	263.5000	252.0000	253.0000
259.5000	270.0000	263.5000	252.0000
263.0000	259.5000	270.0000	263.5000
261.5000	263.0000	259.5000	270.0000
265.5000	261.5000	263.0000	259.5000
262.5000	265.5000	261.5000	263.0000
264.0000	262.5000	265.5000	261.5000
275.5000	264.0000	262.5000	265.5000
276.0000	275.5000	264.0000	262.5000
279.0000	276.0000	275.5000	264.0000
280.0000	279.0000	276.0000	275.5000
270.5000	280.0000	279.0000	276.0000
285.5000	270.5000	280.0000	279.0000
282.0000	285.5000	270.5000	280.0000
285.0000	282.0000	285.5000	270.5000
275.0000	285.0000	282.0000	285.5000
275.0000	275.0000	285.0000	282.0000
278.0000	275.0000	275.0000	285.0000
280.5000	278.0000	275.0000	275.0000
280.0000	280.5000	278.0000	275.0000
280.0000	280.0000	280.5000	278.0000
277.5000	280.0000	280.0000	280.5000
270.5000	277.5000	280.0000	280.0000
265.0000	270.5000	277.5000	280.0000
266.0000	265.0000	270.5000	277.5000
265.0000	266.0000	265.0000	270.5000
265.0000	265.0000	266.0000	265.0000
265.5000	265.0000	265.0000	266.0000
260.5000	265.5000	265.0000	265.0000
266.0000	260.5000	265.5000	265.0000
273.5000	266.0000	260.5000	265.5000
269.0000	273.5000	266.0000	260.5000
263.5000	269.0000	273.5000	266.0000
265.0000	263.5000	269.0000	273.5000
263.0000	265.0000	263.5000	269.0000
266.5000	263.0000	265.0000	263.5000
266.5000	266.5000	263.0000	265.0000
273.0000	266.5000	266.5000	263.0000
277.5000	273.0000	266.5000	266.5000
289.0000	277.5000	273.0000	266.5000
286.5000	289.0000	277.5000	273.0000
286.0000	286.5000	289.0000	277.5000
283.0000	286.0000	286.5000	289.0000
280.5000	283.0000	286.0000	286.5000
280.0000	280.5000	283.0000	286.0000
280.0000	280.0000	280.5000	283.0000
286.0000	280.0000	280.0000	280.5000
287.0000	286.0000	280.0000	280.0000
286.5000	287.0000	286.0000	280.0000
294.0000	286.5000	287.0000	286.0000
311.0000	294.0000	286.5000	287.0000
314.5000	311.0000	294.0000	286.5000
310.0000	314.5000	311.0000	294.0000
310.0000	310.0000	314.5000	311.0000
302.5000	310.0000	310.0000	314.5000
300.0000	302.5000	310.0000	310.0000
304.5000	300.0000	302.5000	310.0000
323.5000	304.5000	300.0000	302.5000
378.0000	323.5000	304.5000	300.0000
404.5000	378.0000	323.5000	304.5000
384.5000	404.5000	378.0000	323.5000
398.0000	384.5000	404.5000	378.0000
422.5000	398.0000	384.5000	404.5000
399.0000	422.5000	398.0000	384.5000
397.0000	399.0000	422.5000	398.0000
395.5000	397.0000	399.0000	422.5000
403.5000	395.5000	397.0000	399.0000
387.0000	403.5000	395.5000	397.0000
388.0000	387.0000	403.5000	395.5000
389.0000	388.0000	387.0000	403.5000
392.0000	389.0000	388.0000	387.0000
382.0000	392.0000	389.0000	388.0000
369.0000	382.0000	392.0000	389.0000
374.0000	369.0000	382.0000	392.0000
368.5000	374.0000	369.0000	382.0000
369.0000	368.5000	374.0000	369.0000
